6.790025944710705863e-01
7.743451630339724945e-01
7.326900086835305137e-01
6.776020449120497835e-01
6.975929941136204127e-01
6.721560135846659234e-01
6.845076848511673084e-01
7.210812138649819181e-01
6.773721835999994001e-01
6.845839846262822270e-01
6.954182130204323853e-01
6.947085227652148864e-01
7.378959760359208309e-01
7.529891222849712795e-01
6.893516371276043886e-01
6.832042147818883082e-01
6.776874807418612479e-01
6.799271573919934974e-01
6.796009711729317226e-01
6.839858654632744450e-01
6.787334193772428526e-01
6.696083491108293373e-01
6.823622638029548382e-01
6.919522820392544071e-01
7.443156183005569249e-01
6.831703699216713499e-01
7.682805766508872258e-01
7.708840769190948849e-01
6.822796008636645704e-01
6.809026711670252974e-01
7.650074490962072149e-01
6.839895683026749884e-01
6.783907887968626538e-01
7.627513617110989186e-01
7.604078415796479140e-01
7.436165233581398804e-01
7.429152351520026398e-01
7.762456852323550427e-01
6.848756935879196650e-01
7.470764113365314651e-01
6.813294047000830744e-01
6.819543862703465464e-01
6.167213009757981368e-01
7.288893705969196057e-01
6.091752721744390087e-01
7.723946128506614661e-01
6.773032493094451878e-01
7.155396228398148706e-01
7.748239639760140518e-01
7.407888599767963322e-01
7.226570722354140885e-01
